0.499 -1.103e-8
0.498 -1.051e-8
0.497 -1.023e-8
0.496 -9.823e-9
0.495 -9.485e-9
0.494 -9.216e-9
0.493 -8.734e-9
0.492 -8.513e-9
0.491 -8.288e-9
0.490 -8.043e-9
0.489 -7.816e-9
0.488 -7.557e-9
0.487 -7.516e-9
0.486 -7.336e-9
0.485 -7.137e-9
0.484 -7.059e-9
0.483 -6.866e-9
0.482 -6.758e-9
0.481 -6.521e-9
0.480 -6.388e-9
0.479 -6.336e-9
0.478 -6.083e-9
0.477 -6.087e-9
0.476 -5.930e-9
0.475 -5.741e-9
0.474 -5.725e-9
0.473 -5.536e-9
0.472 -5.522e-9
0.471 -5.384e-9
0.470 -5.283e-9
0.469 -5.314e-9
0.468 -5.095e-9
0.467 -5.085e-9
0.466 -4.963e-9
0.465 -4.865e-9
0.464 -4.847e-9
0.463 -4.651e-9
0.462 -4.681e-9
0.461 -4.537e-9
0.460 -4.434e-9
0.459 -4.430e-9
0.458 -4.268e-9
0.457 -4.312e-9
0.456 -4.201e-9
0.455 -4.159e-9
0.454 -4.150e-9
0.453 -4.043e-9
0.452 -4.128e-9
0.451 -3.999e-9
0.450 -3.959e-9
0.449 -4.002e-9
0.448 -3.852e-9
0.447 -3.894e-9
0.446 -3.777e-9
0.445 -3.740e-9
0.444 -3.789e-9
0.443 -3.663e-9
0.442 -3.752e-9
0.441 -3.633e-9
0.440 -3.624e-9
0.439 -3.649e-9
0.438 -3.528e-9
0.437 -3.653e-9
0.436 -3.610e-9
0.435 -3.512e-9
0.434 -3.528e-9
0.433 -3.416e-9
0.432 -3.488e-9
0.431 -3.354e-9
0.430 -3.320e-9
0.429 -3.309e-9
0.428 -3.202e-9
0.427 -3.257e-9
0.426 -3.140e-9
0.425 -3.121e-9
0.424 -3.147e-9
0.423 -3.042e-9
0.422 -3.110e-9
0.421 -3.026e-9
0.420 -3.018e-9
0.419 -3.015e-9
0.418 -2.919e-9
0.417 -3.002e-9
0.416 -2.908e-9
0.415 -2.895e-9
0.414 -2.903e-9
0.413 -2.775e-9
0.412 -2.883e-9
0.411 -2.776e-9
0.410 -2.752e-9
0.409 -2.743e-9
0.408 -2.617e-9
0.407 -2.731e-9
0.406 -2.612e-9
0.405 -2.593e-9
0.404 -2.584e-9
0.403 -2.485e-9
0.402 -2.548e-9
0.401 -2.442e-9
0.400 -2.447e-9
0.399 -2.448e-9
0.398 -2.362e-9
0.397 -2.448e-9
0.396 -2.326e-9
0.395 -2.352e-9
0.394 -2.342e-9
0.393 -2.255e-9
0.392 -2.339e-9
0.391 -2.199e-9
0.390 -2.212e-9
0.389 -2.188e-9
0.388 -2.108e-9
0.387 -2.186e-9
0.386 -2.070e-9
0.385 -2.109e-9
0.384 -2.100e-9
0.383 -2.019e-9
0.382 -2.101e-9
0.381 -1.965e-9
0.380 -1.997e-9
0.379 -2.004e-9
0.378 -1.900e-9
0.377 -1.964e-9
0.376 -1.849e-9
0.375 -1.887e-9
0.374 -1.879e-9
0.373 -1.800e-9
0.372 -1.866e-9
0.371 -1.738e-9
0.370 -1.790e-9
0.369 -1.756e-9
0.368 -1.678e-9
0.367 -1.778e-9
0.366 -1.643e-9
0.365 -1.698e-9
0.364 -1.671e-9
0.363 -1.603e-9
0.362 -1.674e-9
0.361 -1.538e-9
0.360 -1.589e-9
0.359 -1.552e-9
0.358 -1.467e-9
0.357 -1.547e-9
0.356 -1.418e-9
0.355 -1.462e-9
0.354 -1.440e-9
0.353 -1.353e-9
0.352 -1.424e-9
0.351 -1.292e-9
0.350 -1.352e-9
0.349 -1.319e-9
0.348 -1.254e-9
0.347 -1.322e-9
0.346 -1.190e-9
0.345 -1.251e-9
0.344 -1.206e-9
0.343 -1.141e-9
0.342 -1.212e-9
0.341 -1.079e-9
0.340 -1.143e-9
0.339 -1.094e-9
0.338 -1.043e-9
0.337 -1.111e-9
0.336 -9.897e-10
0.335 -1.049e-9
0.334 -9.904e-10
0.333 -9.333e-10
0.332 -1.002e-9
0.331 -8.777e-10
0.330 -9.495e-10
0.329 -8.884e-10
0.328 -8.391e-10
0.327 -9.092e-10
0.326 -7.892e-10
0.325 -8.667e-10
0.324 -8.048e-10
0.323 -7.645e-10
0.322 -8.328e-10
0.321 -7.086e-10
0.320 -7.884e-10
0.319 -7.238e-10
0.318 -6.879e-10
0.317 -7.533e-10
0.316 -6.328e-10
0.315 -7.093e-10
0.314 -6.509e-10
0.313 -6.120e-10
0.312 -6.732e-10
0.311 -5.522e-10
0.310 -6.321e-10
0.309 -5.711e-10
0.308 -5.358e-10
0.307 -5.972e-10
0.306 -4.803e-10
0.305 -5.598e-10
0.304 -4.974e-10
0.303 -4.660e-10
0.302 -5.253e-10
0.301 -4.074e-10
0.300 -4.943e-10
0.299 -4.314e-10
0.298 -4.072e-10
0.297 -4.639e-10
0.296 -3.501e-10
0.295 -4.331e-10
0.294 -3.667e-10
0.293 -3.475e-10
0.292 -4.049e-10
0.291 -2.902e-10
0.290 -3.829e-10
0.289 -3.152e-10
0.288 -2.993e-10
0.287 -3.574e-10
0.286 -2.485e-10
0.285 -3.392e-10
0.284 -2.695e-10
0.283 -2.605e-10
0.282 -3.133e-10
0.281 -2.064e-10
0.280 -2.959e-10
0.279 -2.270e-10
0.278 -2.194e-10
0.277 -2.704e-10
0.276 -1.623e-10
0.275 -2.571e-10
0.274 -1.843e-10
0.273 -1.844e-10
0.272 -2.333e-10
0.271 -1.310e-10
0.270 -2.248e-10
0.269 -1.521e-10
0.268 -1.526e-10
0.267 -1.994e-10
0.266 -9.818e-11
0.265 -1.922e-10
0.264 -1.163e-10
0.263 -1.208e-10
0.262 -1.681e-10
0.261 -6.699e-11
0.260 -1.644e-10
0.259 -8.587e-11
0.258 -9.672e-11
0.257 -1.393e-10
0.256 -4.187e-11
0.255 -1.394e-10
0.254 -6.272e-11
0.253 -7.608e-11
0.252 -1.164e-10
0.251 -1.972e-11
0.250 -1.182e-10
0.249 -3.831e-11
0.248 -5.564e-11
0.247 -9.203e-11
0.246 -1.210e-12
0.245 -9.735e-11
0.244 -1.729e-11
0.243 -3.617e-11
0.242 -6.933e-11
0.241 2.023e-11
0.240 -7.691e-11
0.239 6.411e-12
0.238 -1.842e-11
0.237 -4.697e-11
0.236 3.961e-11
0.235 -5.882e-11
0.234 2.911e-11
0.233 1.889e-12
0.232 -2.776e-11
0.231 5.762e-11
0.230 -4.061e-11
0.229 4.786e-11
0.228 1.738e-11
0.227 -6.737e-12
0.226 7.487e-11
0.225 -2.152e-11
0.224 6.449e-11
0.223 3.677e-11
0.222 1.077e-11
0.221 9.254e-11
0.220 -5.229e-12
0.219 8.710e-11
0.218 4.795e-11
0.217 3.057e-11
0.216 1.112e-10
0.215 1.520e-11
0.214 1.039e-10
0.213 6.754e-11
0.212 5.084e-11
0.211 1.282e-10
0.210 3.271e-11
0.209 1.262e-10
0.208 8.471e-11
0.207 7.198e-11
0.206 1.491e-10
0.205 5.138e-11
0.204 1.485e-10
0.203 1.035e-10
0.202 9.773e-11
0.201 1.678e-10
0.200 7.479e-11
0.199 1.704e-10
0.198 1.222e-10
0.197 1.177e-10
0.196 1.873e-10
0.195 9.288e-11
0.194 1.928e-10
0.193 1.419e-10
0.192 1.407e-10
0.191 2.110e-10
0.190 1.148e-10
0.189 2.147e-10
0.188 1.638e-10
0.187 1.672e-10
0.186 2.323e-10
0.185 1.431e-10
0.184 2.418e-10
0.183 1.911e-10
0.182 1.945e-10
0.181 2.599e-10
0.180 1.677e-10
0.179 2.723e-10
0.178 2.134e-10
0.177 2.212e-10
0.176 2.864e-10
0.175 1.966e-10
0.174 3.026e-10
0.173 2.443e-10
0.172 2.576e-10
0.171 3.194e-10
0.170 2.299e-10
0.169 3.333e-10
0.168 2.759e-10
0.167 2.911e-10
0.166 3.515e-10
0.165 2.650e-10
0.164 3.711e-10
0.163 3.078e-10
0.162 3.269e-10
0.161 3.817e-10
0.160 2.960e-10
0.159 4.030e-10
0.158 3.373e-10
0.157 3.608e-10
0.156 4.135e-10
0.155 3.346e-10
0.154 4.384e-10
0.153 3.724e-10
0.152 3.945e-10
0.151 4.483e-10
0.150 3.706e-10
0.149 4.780e-10
0.148 4.134e-10
0.147 4.474e-10
0.146 4.929e-10
0.145 4.159e-10
0.144 5.262e-10
0.143 4.577e-10
0.142 4.918e-10
0.141 5.357e-10
0.140 4.594e-10
0.139 5.728e-10
0.138 5.027e-10
0.137 5.403e-10
0.136 5.893e-10
0.135 5.172e-10
0.134 6.306e-10
0.133 5.612e-10
0.132 6.063e-10
0.131 6.542e-10
0.130 5.858e-10
0.129 7.025e-10
0.128 6.256e-10
0.127 6.722e-10
0.126 7.110e-10
0.125 6.430e-10
0.124 7.560e-10
0.123 6.824e-10
0.122 7.318e-10
0.121 7.711e-10
0.120 7.040e-10
0.119 8.183e-10
0.118 7.420e-10
0.117 7.907e-10
0.116 8.264e-10
0.115 7.611e-10
0.114 8.784e-10
0.113 8.010e-10
0.112 8.612e-10
0.111 8.939e-10
0.110 8.327e-10
0.109 9.500e-10
0.108 8.734e-10
0.107 9.333e-10
0.106 9.699e-10
0.105 9.104e-10
0.104 1.029e-9
0.103 9.509e-10
0.102 1.019e-9
0.101 1.049e-9
0.100 9.939e-10
0.099 1.113e-9
0.098 1.035e-9
0.097 1.103e-9
0.096 1.134e-9
0.095 1.079e-9
0.094 1.199e-9
0.093 1.123e-9
0.092 1.191e-9
0.091 1.221e-9
0.090 1.173e-9
0.089 1.296e-9
0.088 1.217e-9
0.087 1.294e-9
0.086 1.322e-9
0.085 1.283e-9
0.084 1.406e-9
0.083 1.331e-9
0.082 1.413e-9
0.081 1.438e-9
0.080 1.403e-9
0.079 1.522e-9
0.078 1.447e-9
0.077 1.535e-9
0.076 1.555e-9
0.075 1.520e-9
0.074 1.640e-9
0.073 1.567e-9
0.072 1.657e-9
0.071 1.674e-9
0.070 1.644e-9
0.069 1.768e-9
0.068 1.689e-9
0.067 1.777e-9
0.066 1.795e-9
0.065 1.764e-9
0.064 1.882e-9
0.063 1.809e-9
0.062 1.901e-9
0.061 1.915e-9
0.060 1.894e-9
0.059 2.011e-9
0.058 1.938e-9
0.057 2.033e-9
0.056 2.046e-9
0.055 2.041e-9
0.054 2.187e-9
0.053 2.138e-9
0.052 2.254e-9
0.051 2.278e-9
0.050 2.271e-9
0.049 2.395e-9
0.048 2.325e-9
0.047 2.435e-9
0.046 2.445e-9
0.045 2.431e-9
0.044 2.545e-9
0.043 2.469e-9
0.042 2.578e-9
0.041 2.584e-9
0.040 2.576e-9
0.039 2.689e-9
0.038 2.623e-9
0.037 2.726e-9
0.036 2.731e-9
0.035 2.725e-9
0.034 2.832e-9
0.033 2.764e-9
0.032 2.868e-9
0.031 2.874e-9
0.030 2.874e-9
0.029 2.978e-9
0.028 2.917e-9
0.027 3.043e-9
0.026 3.062e-9
0.025 3.056e-9
0.024 3.169e-9
0.023 3.123e-9
0.022 3.245e-9
0.021 3.261e-9
0.020 3.280e-9
0.019 3.400e-9
0.018 3.344e-9
0.017 3.468e-9
0.016 3.462e-9
0.015 3.487e-9
0.014 3.620e-9
0.013 3.566e-9
0.012 3.709e-9
0.011 3.717e-9
0.010 3.755e-9
0.009 3.890e-9
0.008 3.854e-9
0.007 3.999e-9
0.006 4.014e-9
0.005 4.049e-9
0.004 4.176e-9
0.003 4.124e-9
0.002 4.260e-9
0.001 4.264e-9
0.000 4.300e-9
-0.001 4.425e-9
-0.002 4.374e-9
-0.003 4.516e-9
-0.004 4.521e-9
-0.005 4.564e-9
-0.006 4.700e-9
-0.007 4.668e-9
-0.008 4.845e-9
-0.009 4.898e-9
-0.010 5.048e-9
-0.011 5.483e-9
-0.012 5.961e-9
-0.013 6.827e-9
-0.014 7.445e-9
-0.015 7.999e-9
-0.016 8.528e-9
-0.017 8.820e-9
-0.018 9.252e-9
-0.019 9.536e-9
-0.020 9.759e-9
-0.021 1.007e-8
-0.022 1.021e-8
-0.023 1.052e-8
-0.024 1.067e-8
-0.025 1.087e-8
-0.026 1.110e-8
-0.027 1.115e-8
-0.028 1.138e-8
-0.029 1.144e-8
-0.030 1.156e-8
-0.031 1.176e-8
-0.032 1.179e-8
-0.033 1.206e-8
-0.034 1.207e-8
-0.035 1.217e-8
-0.036 1.234e-8
-0.037 1.234e-8
-0.038 1.255e-8
-0.039 1.261e-8
-0.040 1.273e-8
-0.041 1.289e-8
-0.042 1.290e-8
-0.043 1.311e-8
-0.044 1.314e-8
-0.045 1.325e-8
-0.046 1.346e-8
-0.047 1.353e-8
-0.048 1.378e-8
-0.049 1.383e-8
-0.050 1.396e-8
-0.051 1.412e-8
-0.052 1.415e-8
-0.053 1.432e-8
-0.054 1.434e-8
-0.055 1.444e-8
-0.056 1.457e-8
-0.057 1.454e-8
-0.058 1.472e-8
-0.059 1.473e-8
-0.060 1.482e-8
-0.061 1.495e-8
-0.062 1.498e-8
-0.063 1.514e-8
-0.064 1.512e-8
-0.065 1.521e-8
-0.066 1.533e-8
-0.067 1.534e-8
-0.068 1.552e-8
-0.069 1.552e-8
-0.070 1.560e-8
-0.071 1.574e-8
-0.072 1.568e-8
-0.073 1.585e-8
-0.074 1.582e-8
-0.075 1.590e-8
-0.076 1.599e-8
-0.077 1.595e-8
-0.078 1.611e-8
-0.079 1.607e-8
-0.080 1.616e-8
-0.081 1.629e-8
-0.082 1.625e-8
-0.083 1.642e-8
-0.084 1.640e-8
-0.085 1.650e-8
-0.086 1.663e-8
-0.087 1.660e-8
-0.088 1.677e-8
-0.089 1.676e-8
-0.090 1.687e-8
-0.091 1.697e-8
-0.092 1.697e-8
-0.093 1.716e-8
-0.094 1.714e-8
-0.095 1.726e-8
-0.096 1.737e-8
-0.097 1.735e-8
-0.098 1.753e-8
-0.099 1.751e-8
-0.100 1.766e-8
-0.101 1.774e-8
-0.102 1.774e-8
-0.103 1.792e-8
-0.104 1.792e-8
-0.105 1.804e-8
-0.106 1.814e-8
-0.107 1.814e-8
-0.108 1.831e-8
-0.109 1.828e-8
-0.110 1.840e-8
-0.111 1.849e-8
-0.112 1.849e-8
-0.113 1.866e-8
-0.114 1.865e-8
-0.115 1.877e-8
-0.116 1.886e-8
-0.117 1.886e-8
-0.118 1.904e-8
-0.119 1.902e-8
-0.120 1.915e-8
-0.121 1.924e-8
-0.122 1.926e-8
-0.123 1.943e-8
-0.124 1.943e-8
-0.125 1.956e-8
-0.126 1.965e-8
-0.127 1.966e-8
-0.128 1.984e-8
-0.129 1.981e-8
-0.130 1.994e-8
-0.131 2.002e-8
-0.132 2.003e-8
-0.133 2.022e-8
-0.134 2.020e-8
-0.135 2.032e-8
-0.136 2.040e-8
-0.137 2.040e-8
-0.138 2.057e-8
-0.139 2.054e-8
-0.140 2.066e-8
-0.141 2.074e-8
-0.142 2.073e-8
-0.143 2.089e-8
-0.144 2.086e-8
-0.145 2.099e-8
-0.146 2.106e-8
-0.147 2.106e-8
-0.148 2.122e-8
-0.149 2.118e-8
-0.150 2.131e-8
-0.151 2.137e-8
-0.152 2.138e-8
-0.153 2.153e-8
-0.154 2.149e-8
-0.155 2.161e-8
-0.156 2.167e-8
-0.157 2.166e-8
-0.158 2.182e-8
-0.159 2.177e-8
-0.160 2.189e-8
-0.161 2.193e-8
-0.162 2.192e-8
-0.163 2.207e-8
-0.164 2.201e-8
-0.165 2.213e-8
-0.166 2.217e-8
-0.167 2.216e-8
-0.168 2.232e-8
-0.169 2.224e-8
-0.170 2.236e-8
-0.171 2.240e-8
-0.172 2.239e-8
-0.173 2.254e-8
-0.174 2.248e-8
-0.175 2.259e-8
-0.176 2.262e-8
-0.177 2.261e-8
-0.178 2.273e-8
-0.179 2.267e-8
-0.180 2.278e-8
-0.181 2.281e-8
-0.182 2.281e-8
-0.183 2.295e-8
-0.184 2.290e-8
-0.185 2.302e-8
-0.186 2.306e-8
-0.187 2.307e-8
-0.188 2.321e-8
-0.189 2.316e-8
-0.190 2.329e-8
-0.191 2.333e-8
-0.192 2.334e-8
-0.193 2.348e-8
-0.194 2.343e-8
-0.195 2.356e-8
-0.196 2.358e-8
-0.197 2.358e-8
-0.198 2.372e-8
-0.199 2.367e-8
-0.200 2.381e-8
-0.201 2.387e-8
-0.202 2.390e-8
-0.203 2.406e-8
-0.204 2.404e-8
-0.205 2.420e-8
-0.206 2.424e-8
-0.207 2.428e-8
-0.208 2.443e-8
-0.209 2.441e-8
-0.210 2.457e-8
-0.211 2.462e-8
-0.212 2.465e-8
-0.213 2.481e-8
-0.214 2.478e-8
-0.215 2.494e-8
-0.216 2.498e-8
-0.217 2.502e-8
-0.218 2.519e-8
-0.219 2.516e-8
-0.220 2.532e-8
-0.221 2.536e-8
-0.222 2.541e-8
-0.223 2.557e-8
-0.224 2.554e-8
-0.225 2.570e-8
-0.226 2.574e-8
-0.227 2.579e-8
-0.228 2.594e-8
-0.229 2.592e-8
-0.230 2.609e-8
-0.231 2.614e-8
-0.232 2.618e-8
-0.233 2.634e-8
-0.234 2.632e-8
-0.235 2.648e-8
-0.236 2.654e-8
-0.237 2.660e-8
-0.238 2.677e-8
-0.239 2.679e-8
-0.240 2.700e-8
-0.241 2.711e-8
-0.242 2.729e-8
-0.243 2.756e-8
-0.244 2.760e-8
-0.245 2.783e-8
-0.246 2.794e-8
-0.247 2.805e-8
-0.248 2.825e-8
-0.249 2.828e-8
-0.250 2.849e-8
-0.251 2.855e-8
-0.252 2.863e-8
-0.253 2.883e-8
-0.254 2.885e-8
-0.255 2.907e-8
-0.256 2.915e-8
-0.257 2.927e-8
-0.258 2.947e-8
-0.259 2.948e-8
-0.260 2.967e-8
-0.261 2.974e-8
-0.262 2.982e-8
-0.263 3.000e-8
-0.264 3.001e-8
-0.265 3.020e-8
-0.266 3.027e-8
-0.267 3.036e-8
-0.268 3.056e-8
-0.269 3.056e-8
-0.270 3.076e-8
-0.271 3.082e-8
-0.272 3.090e-8
-0.273 3.107e-8
-0.274 3.107e-8
-0.275 3.125e-8
-0.276 3.131e-8
-0.277 3.139e-8
-0.278 3.156e-8
-0.279 3.153e-8
-0.280 3.171e-8
-0.281 3.177e-8
-0.282 3.186e-8
-0.283 3.205e-8
-0.284 3.203e-8
-0.285 3.223e-8
-0.286 3.228e-8
-0.287 3.236e-8
-0.288 3.254e-8
-0.289 3.254e-8
-0.290 3.274e-8
-0.291 3.278e-8
-0.292 3.285e-8
-0.293 3.302e-8
-0.294 3.303e-8
-0.295 3.323e-8
-0.296 3.328e-8
-0.297 3.337e-8
-0.298 3.354e-8
-0.299 3.355e-8
-0.300 3.375e-8
-0.301 3.382e-8
-0.302 3.392e-8
-0.303 3.409e-8
-0.304 3.409e-8
-0.305 3.429e-8
-0.306 3.435e-8
-0.307 3.446e-8
-0.308 3.462e-8
-0.309 3.460e-8
-0.310 3.479e-8
-0.311 3.482e-8
-0.312 3.490e-8
-0.313 3.505e-8
-0.314 3.496e-8
-0.315 3.512e-8
-0.316 3.515e-8
-0.317 3.523e-8
-0.318 3.539e-8
-0.319 3.539e-8
-0.320 3.559e-8
-0.321 3.588e-8
-0.322 3.677e-8
-0.323 3.771e-8
-0.324 3.822e-8
-0.325 3.880e-8
-0.326 3.918e-8
-0.327 3.958e-8
-0.328 3.998e-8
-0.329 4.016e-8
-0.330 4.050e-8
-0.331 4.064e-8
-0.332 4.082e-8
-0.333 4.106e-8
-0.334 4.111e-8
-0.335 4.133e-8
-0.336 4.138e-8
-0.337 4.149e-8
-0.338 4.165e-8
-0.339 4.162e-8
-0.340 4.182e-8
-0.341 4.188e-8
-0.342 4.196e-8
-0.343 4.208e-8
-0.344 4.201e-8
-0.345 4.215e-8
-0.346 4.212e-8
-0.347 4.213e-8
-0.348 4.220e-8
-0.349 4.209e-8
-0.350 4.219e-8
-0.351 4.211e-8
-0.352 4.210e-8
-0.353 4.214e-8
-0.354 4.202e-8
-0.355 4.209e-8
-0.356 4.199e-8
-0.357 4.197e-8
-0.358 4.200e-8
-0.359 4.189e-8
-0.360 4.197e-8
-0.361 4.190e-8
-0.362 4.189e-8
-0.363 4.193e-8
-0.364 4.184e-8
-0.365 4.195e-8
-0.366 4.190e-8
-0.367 4.192e-8
-0.368 4.201e-8
-0.369 4.194e-8
-0.370 4.206e-8
-0.371 4.202e-8
-0.372 4.206e-8
-0.373 4.214e-8
-0.374 4.209e-8
-0.375 4.223e-8
-0.376 4.220e-8
-0.377 4.228e-8
-0.378 4.240e-8
-0.379 4.234e-8
-0.380 4.247e-8
-0.381 4.244e-8
-0.382 4.249e-8
-0.383 4.256e-8
-0.384 4.251e-8
-0.385 4.265e-8
-0.386 4.263e-8
-0.387 4.268e-8
-0.388 4.277e-8
-0.389 4.271e-8
-0.390 4.282e-8
-0.391 4.278e-8
-0.392 4.281e-8
-0.393 4.289e-8
-0.394 4.282e-8
-0.395 4.294e-8
-0.396 4.288e-8
-0.397 4.290e-8
-0.398 4.297e-8
-0.399 4.288e-8
-0.400 4.297e-8
-0.401 4.291e-8
-0.402 4.292e-8
-0.403 4.294e-8
-0.404 4.282e-8
-0.405 4.288e-8
-0.406 4.280e-8
-0.407 4.278e-8
-0.408 4.280e-8
-0.409 4.269e-8
-0.410 4.275e-8
-0.411 4.263e-8
-0.412 4.259e-8
-0.413 4.259e-8
-0.414 4.244e-8
-0.415 4.246e-8
-0.416 4.233e-8
-0.417 4.225e-8
-0.418 4.222e-8
-0.419 4.201e-8
-0.420 4.200e-8
-0.421 4.181e-8
-0.422 4.160e-8
-0.423 4.166e-8
-0.424 4.144e-8
-0.425 4.136e-8
-0.426 4.106e-8
-0.427 4.079e-8
-0.428 4.054e-8
-0.429 4.010e-8
-0.430 3.979e-8
-0.431 3.936e-8
-0.432 3.893e-8
-0.433 3.841e-8
-0.434 3.792e-8
-0.435 3.776e-8
-0.436 3.750e-8
-0.437 3.735e-8
-0.438 3.726e-8
-0.439 3.705e-8
-0.440 3.704e-8
-0.441 3.686e-8
-0.442 3.678e-8
-0.443 3.674e-8
-0.444 3.657e-8
-0.445 3.658e-8
-0.446 3.642e-8
-0.447 3.635e-8
-0.448 3.633e-8
-0.449 3.618e-8
-0.450 3.622e-8
-0.451 3.610e-8
-0.452 3.606e-8
-0.453 3.607e-8
-0.454 3.594e-8
-0.455 3.601e-8
-0.456 3.591e-8
-0.457 3.589e-8
-0.458 3.591e-8
-0.459 3.579e-8
-0.460 3.587e-8
-0.461 3.579e-8
-0.462 3.579e-8
-0.463 3.582e-8
-0.464 3.572e-8
-0.465 3.582e-8
-0.466 3.574e-8
-0.467 3.575e-8
-0.468 3.579e-8
-0.469 3.570e-8
-0.470 3.582e-8
-0.471 3.576e-8
-0.472 3.577e-8
-0.473 3.583e-8
-0.474 3.575e-8
-0.475 3.585e-8
-0.476 3.578e-8
-0.477 3.577e-8
-0.478 3.582e-8
-0.479 3.574e-8
-0.480 3.583e-8
-0.481 3.578e-8
-0.482 3.579e-8
-0.483 3.588e-8
-0.484 3.579e-8
-0.485 3.591e-8
-0.486 3.588e-8
-0.487 3.591e-8
-0.488 3.600e-8
-0.489 3.594e-8
-0.490 3.608e-8
-0.491 3.607e-8
-0.492 3.614e-8
-0.493 3.627e-8
-0.494 3.627e-8
-0.495 3.647e-8
-0.496 3.629e-8
-0.497 3.637e-8
-0.498 3.627e-8
-0.499 3.507e-8
-0.500 3.482e-8
-0.499 3.475e-8
-0.498 3.477e-8
-0.497 3.481e-8
-0.496 3.471e-8
-0.495 3.478e-8
-0.494 3.470e-8
-0.493 3.468e-8
-0.492 3.473e-8
-0.491 3.462e-8
-0.490 3.468e-8
-0.489 3.458e-8
-0.488 3.455e-8
-0.487 3.456e-8
-0.486 3.444e-8
-0.485 3.451e-8
-0.484 3.443e-8
-0.483 3.441e-8
-0.482 3.444e-8
-0.481 3.432e-8
-0.480 3.442e-8
-0.479 3.434e-8
-0.478 3.433e-8
-0.477 3.438e-8
-0.476 3.428e-8
-0.475 3.440e-8
-0.474 3.433e-8
-0.473 3.432e-8
-0.472 3.436e-8
-0.471 3.424e-8
-0.470 3.434e-8
-0.469 3.428e-8
-0.468 3.427e-8
-0.467 3.432e-8
-0.466 3.420e-8
-0.465 3.427e-8
-0.464 3.417e-8
-0.463 3.414e-8
-0.462 3.416e-8
-0.461 3.404e-8
-0.460 3.410e-8
-0.459 3.399e-8
-0.458 3.394e-8
-0.457 3.395e-8
-0.456 3.380e-8
-0.455 3.384e-8
-0.454 3.374e-8
-0.453 3.369e-8
-0.452 3.369e-8
-0.451 3.353e-8
-0.450 3.356e-8
-0.449 3.343e-8
-0.448 3.337e-8
-0.447 3.337e-8
-0.446 3.320e-8
-0.445 3.321e-8
-0.444 3.308e-8
-0.443 3.300e-8
-0.442 3.298e-8
-0.441 3.281e-8
-0.440 3.282e-8
-0.439 3.265e-8
-0.438 3.257e-8
-0.437 3.255e-8
-0.436 3.236e-8
-0.435 3.237e-8
-0.434 3.220e-8
-0.433 3.212e-8
-0.432 3.209e-8
-0.431 3.190e-8
-0.430 3.191e-8
-0.429 3.175e-8
-0.428 3.167e-8
-0.427 3.164e-8
-0.426 3.146e-8
-0.425 3.145e-8
-0.424 3.127e-8
-0.423 3.117e-8
-0.422 3.117e-8
-0.421 3.099e-8
-0.420 3.099e-8
-0.419 3.083e-8
-0.418 3.074e-8
-0.417 3.069e-8
-0.416 3.050e-8
-0.415 3.051e-8
-0.414 3.036e-8
-0.413 3.027e-8
-0.412 3.024e-8
-0.411 3.004e-8
-0.410 3.005e-8
-0.409 2.990e-8
-0.408 2.982e-8
-0.407 2.979e-8
-0.406 2.961e-8
-0.405 2.964e-8
-0.404 2.949e-8
-0.403 2.942e-8
-0.402 2.940e-8
-0.401 2.923e-8
-0.400 2.924e-8
-0.399 2.910e-8
-0.398 2.902e-8
-0.397 2.899e-8
-0.396 2.881e-8
-0.395 2.882e-8
-0.394 2.867e-8
-0.393 2.859e-8
-0.392 2.857e-8
-0.391 2.839e-8
-0.390 2.840e-8
-0.389 2.826e-8
-0.388 2.817e-8
-0.387 2.814e-8
-0.386 2.796e-8
-0.385 2.797e-8
-0.384 2.782e-8
-0.383 2.773e-8
-0.382 2.771e-8
-0.381 2.752e-8
-0.380 2.753e-8
-0.379 2.738e-8
-0.378 2.729e-8
-0.377 2.726e-8
-0.376 2.707e-8
-0.375 2.708e-8
-0.374 2.693e-8
-0.373 2.684e-8
-0.372 2.681e-8
-0.371 2.661e-8
-0.370 2.662e-8
-0.369 2.646e-8
-0.368 2.636e-8
-0.367 2.633e-8
-0.366 2.614e-8
-0.365 2.615e-8
-0.364 2.600e-8
-0.363 2.591e-8
-0.362 2.587e-8
-0.361 2.568e-8
-0.360 2.568e-8
-0.359 2.553e-8
-0.358 2.544e-8
-0.357 2.541e-8
-0.356 2.522e-8
-0.355 2.523e-8
-0.354 2.509e-8
-0.353 2.500e-8
-0.352 2.497e-8
-0.351 2.478e-8
-0.350 2.479e-8
-0.349 2.465e-8
-0.348 2.457e-8
-0.347 2.455e-8
-0.346 2.438e-8
-0.345 2.440e-8
-0.344 2.425e-8
-0.343 2.417e-8
-0.342 2.414e-8
-0.341 2.395e-8
-0.340 2.396e-8
-0.339 2.382e-8
-0.338 2.373e-8
-0.337 2.370e-8
-0.336 2.351e-8
-0.335 2.351e-8
-0.334 2.336e-8
-0.333 2.327e-8
-0.332 2.325e-8
-0.331 2.307e-8
-0.330 2.308e-8
-0.329 2.294e-8
-0.328 2.285e-8
-0.327 2.282e-8
-0.326 2.263e-8
-0.325 2.264e-8
-0.324 2.249e-8
-0.323 2.239e-8
-0.322 2.235e-8
-0.321 2.216e-8
-0.320 2.217e-8
-0.319 2.201e-8
-0.318 2.192e-8
-0.317 2.190e-8
-0.316 2.172e-8
-0.315 2.173e-8
-0.314 2.159e-8
-0.313 2.149e-8
-0.312 2.146e-8
-0.311 2.128e-8
-0.310 2.131e-8
-0.309 2.117e-8
-0.308 2.110e-8
-0.307 2.107e-8
-0.306 2.088e-8
-0.305 2.090e-8
-0.304 2.075e-8
-0.303 2.066e-8
-0.302 2.062e-8
-0.301 2.035e-8
-0.300 2.027e-8
-0.299 2.011e-8
-0.298 2.004e-8
-0.297 2.001e-8
-0.296 1.983e-8
-0.295 1.984e-8
-0.294 1.969e-8
-0.293 1.962e-8
-0.292 1.960e-8
-0.291 1.943e-8
-0.290 1.945e-8
-0.289 1.930e-8
-0.288 1.922e-8
-0.287 1.919e-8
-0.286 1.901e-8
-0.285 1.903e-8
-0.284 1.888e-8
-0.283 1.879e-8
-0.282 1.877e-8
-0.281 1.859e-8
-0.280 1.860e-8
-0.279 1.845e-8
-0.278 1.837e-8
-0.277 1.835e-8
-0.276 1.817e-8
-0.275 1.819e-8
-0.274 1.804e-8
-0.273 1.795e-8
-0.272 1.791e-8
-0.271 1.773e-8
-0.270 1.774e-8
-0.269 1.760e-8
-0.268 1.752e-8
-0.267 1.749e-8
-0.266 1.731e-8
-0.265 1.731e-8
-0.264 1.717e-8
-0.263 1.709e-8
-0.262 1.706e-8
-0.261 1.687e-8
-0.260 1.689e-8
-0.259 1.673e-8
-0.258 1.664e-8
-0.257 1.661e-8
-0.256 1.645e-8
-0.255 1.647e-8
-0.254 1.631e-8
-0.253 1.623e-8
-0.252 1.619e-8
-0.251 1.601e-8
-0.250 1.603e-8
-0.249 1.588e-8
-0.248 1.580e-8
-0.247 1.577e-8
-0.246 1.558e-8
-0.245 1.560e-8
-0.244 1.546e-8
-0.243 1.539e-8
-0.242 1.537e-8
-0.241 1.518e-8
-0.240 1.520e-8
-0.239 1.505e-8
-0.238 1.498e-8
-0.237 1.505e-8
-0.236 1.487e-8
-0.235 1.488e-8
-0.234 1.475e-8
-0.233 1.467e-8
-0.232 1.464e-8
-0.231 1.446e-8
-0.230 1.448e-8
-0.229 1.434e-8
-0.228 1.427e-8
-0.227 1.424e-8
-0.226 1.408e-8
-0.225 1.409e-8
-0.224 1.396e-8
-0.223 1.388e-8
-0.222 1.386e-8
-0.221 1.368e-8
-0.220 1.370e-8
-0.219 1.356e-8
-0.218 1.348e-8
-0.217 1.346e-8
-0.216 1.328e-8
-0.215 1.331e-8
-0.214 1.316e-8
-0.213 1.308e-8
-0.212 1.306e-8
-0.211 1.288e-8
-0.210 1.289e-8
-0.209 1.274e-8
-0.208 1.266e-8
-0.207 1.264e-8
-0.206 1.247e-8
-0.205 1.248e-8
-0.204 1.234e-8
-0.203 1.227e-8
-0.202 1.226e-8
-0.201 1.210e-8
-0.200 1.212e-8
-0.199 1.199e-8
-0.198 1.191e-8
-0.197 1.190e-8
-0.196 1.173e-8
-0.195 1.175e-8
-0.194 1.162e-8
-0.193 1.154e-8
-0.192 1.153e-8
-0.191 1.135e-8
-0.190 1.137e-8
-0.189 1.124e-8
-0.188 1.116e-8
-0.187 1.115e-8
-0.186 1.096e-8
-0.185 1.098e-8
-0.184 1.084e-8
-0.183 1.076e-8
-0.182 1.073e-8
-0.181 1.055e-8
-0.180 1.056e-8
-0.179 1.041e-8
-0.178 1.032e-8
-0.177 1.030e-8
-0.176 1.011e-8
-0.175 1.012e-8
-0.174 9.984e-9
-0.173 9.897e-9
-0.172 9.872e-9
-0.171 9.694e-9
-0.170 9.709e-9
-0.169 9.574e-9
-0.168 9.512e-9
-0.167 9.500e-9
-0.166 9.323e-9
-0.165 9.341e-9
-0.164 9.205e-9
-0.163 9.126e-9
-0.162 9.115e-9
-0.161 8.941e-9
-0.160 8.965e-9
-0.159 8.831e-9
-0.158 8.759e-9
-0.157 8.752e-9
-0.156 8.581e-9
-0.155 8.613e-9
-0.154 8.483e-9
-0.153 8.412e-9
-0.152 8.404e-9
-0.151 8.237e-9
-0.150 8.262e-9
-0.149 8.138e-9
-0.148 8.065e-9
-0.147 8.057e-9
-0.146 7.896e-9
-0.145 7.919e-9
-0.144 7.791e-9
-0.143 7.715e-9
-0.142 7.711e-9
-0.141 7.544e-9
-0.140 7.568e-9
-0.139 7.443e-9
-0.138 7.365e-9
-0.137 7.355e-9
-0.136 7.182e-9
-0.135 7.205e-9
-0.134 7.076e-9
-0.133 6.996e-9
-0.132 6.988e-9
-0.131 6.814e-9
-0.130 6.836e-9
-0.129 6.706e-9
-0.128 6.622e-9
-0.127 6.617e-9
-0.126 6.445e-9
-0.125 6.468e-9
-0.124 6.339e-9
-0.123 6.260e-9
-0.122 6.251e-9
-0.121 6.081e-9
-0.120 6.099e-9
-0.119 5.974e-9
-0.118 5.891e-9
-0.117 5.883e-9
-0.116 5.714e-9
-0.115 5.739e-9
-0.114 5.615e-9
-0.113 5.538e-9
-0.112 5.536e-9
-0.111 5.364e-9
-0.110 5.391e-9
-0.109 5.268e-9
-0.108 5.187e-9
-0.107 5.187e-9
-0.106 5.015e-9
-0.105 5.046e-9
-0.104 4.925e-9
-0.103 4.855e-9
-0.102 4.855e-9
-0.101 4.690e-9
-0.100 4.724e-9
-0.099 4.607e-9
-0.098 4.534e-9
-0.097 4.537e-9
-0.096 4.370e-9
-0.095 4.401e-9
-0.094 4.286e-9
-0.093 4.217e-9
-0.092 4.224e-9
-0.091 4.062e-9
-0.090 4.099e-9
-0.089 3.982e-9
-0.088 3.919e-9
-0.087 3.925e-9
-0.086 3.772e-9
-0.085 3.808e-9
-0.084 3.699e-9
-0.083 3.636e-9
-0.082 3.646e-9
-0.081 3.499e-9
-0.080 3.536e-9
-0.079 3.430e-9
-0.078 3.368e-9
-0.077 3.384e-9
-0.076 3.246e-9
-0.075 3.281e-9
-0.074 3.176e-9
-0.073 3.120e-9
-0.072 3.127e-9
-0.071 2.984e-9
-0.070 3.022e-9
-0.069 2.915e-9
-0.068 2.852e-9
-0.067 2.855e-9
-0.066 2.704e-9
-0.065 2.739e-9
-0.064 2.637e-9
-0.063 2.583e-9
-0.062 2.597e-9
-0.061 2.449e-9
-0.060 2.494e-9
-0.059 2.383e-9
-0.058 2.321e-9
-0.057 2.334e-9
-0.056 2.184e-9
-0.055 2.229e-9
-0.054 2.125e-9
-0.053 2.067e-9
-0.052 2.083e-9
-0.051 1.934e-9
-0.050 1.978e-9
-0.049 1.878e-9
-0.048 1.820e-9
-0.047 1.839e-9
-0.046 1.697e-9
-0.045 1.748e-9
-0.044 1.649e-9
-0.043 1.599e-9
-0.042 1.623e-9
-0.041 1.483e-9
-0.040 1.539e-9
-0.039 1.446e-9
-0.038 1.394e-9
-0.037 1.426e-9
-0.036 1.285e-9
-0.035 1.341e-9
-0.034 1.250e-9
-0.033 1.205e-9
-0.032 1.235e-9
-0.031 1.098e-9
-0.030 1.155e-9
-0.029 1.062e-9
-0.028 1.018e-9
-0.027 1.049e-9
-0.026 9.121e-10
-0.025 9.710e-10
-0.024 8.850e-10
-0.023 8.433e-10
-0.022 8.729e-10
-0.021 7.413e-10
-0.020 8.059e-10
-0.019 7.159e-10
-0.018 6.753e-10
-0.017 7.075e-10
-0.016 5.765e-10
-0.015 6.406e-10
-0.014 5.505e-10
-0.013 5.146e-10
-0.012 5.463e-10
-0.011 4.131e-10
-0.010 4.754e-10
-0.009 3.850e-10
-0.008 3.477e-10
-0.007 3.798e-10
-0.006 2.448e-10
-0.005 3.101e-10
-0.004 2.171e-10
-0.003 1.798e-10
-0.002 2.076e-10
-0.001 7.307e-11
-0.000 1.309e-10
0.001 4.548e-11
0.002 2.768e-12
0.003 2.747e-11
0.004 -1.078e-10
0.005 -4.840e-11
0.006 -1.427e-10
0.007 -1.870e-10
0.008 -1.584e-10
0.009 -2.972e-10
0.010 -2.405e-10
0.011 -3.362e-10
0.012 -3.847e-10
0.013 -3.592e-10
0.014 -5.022e-10
0.015 -4.466e-10
0.016 -5.467e-10
0.017 -5.964e-10
0.018 -5.752e-10
0.019 -7.214e-10
0.020 -6.675e-10
0.021 -7.745e-10
0.022 -8.257e-10
0.023 -8.085e-10
0.024 -9.609e-10
0.025 -9.100e-10
0.026 -1.023e-9
0.027 -1.074e-9
0.028 -1.062e-9
0.029 -1.219e-9
0.030 -1.173e-9
0.031 -1.296e-9
0.032 -1.348e-9
0.033 -1.352e-9
0.034 -1.513e-9
0.035 -1.476e-9
0.036 -1.598e-9
0.037 -1.652e-9
0.038 -1.650e-9
0.039 -1.815e-9
0.040 -1.780e-9
0.041 -1.914e-9
0.042 -1.976e-9
0.043 -1.991e-9
0.044 -2.156e-9
0.045 -2.124e-9
0.046 -2.264e-9
0.047 -2.345e-9
0.048 -2.361e-9
0.049 -2.536e-9
0.050 -2.519e-9
0.051 -2.656e-9
0.052 -2.728e-9
0.053 -2.745e-9
0.054 -2.935e-9
0.055 -2.907e-9
0.056 -3.069e-9
0.057 -3.148e-9
0.058 -3.177e-9
0.059 -3.376e-9
0.060 -3.362e-9
0.061 -3.529e-9
0.062 -3.609e-9
0.063 -3.636e-9
0.064 -3.823e-9
0.065 -3.799e-9
0.066 -3.959e-9
0.067 -4.039e-9
0.068 -4.065e-9
0.069 -4.255e-9
0.070 -4.246e-9
0.071 -4.419e-9
0.072 -4.497e-9
0.073 -4.525e-9
0.074 -4.729e-9
0.075 -4.720e-9
0.076 -4.913e-9
0.077 -5.009e-9
0.078 -5.061e-9
0.079 -5.290e-9
0.080 -5.298e-9
0.081 -5.477e-9
0.082 -5.560e-9
0.083 -5.614e-9
0.084 -5.798e-9
0.085 -5.801e-9
0.086 -6.017e-9
0.087 -6.114e-9
0.088 -6.146e-9
0.089 -6.364e-9
0.090 -6.375e-9
0.091 -6.591e-9
0.092 -6.694e-9
0.093 -6.742e-9
0.094 -6.958e-9
0.095 -6.940e-9
0.096 -7.147e-9
0.097 -7.253e-9
0.098 -7.308e-9
0.099 -7.539e-9
0.100 -7.503e-9
0.101 -7.685e-9
0.102 -7.762e-9
0.103 -7.820e-9
0.104 -8.003e-9
0.105 -7.984e-9
0.106 -8.169e-9
0.107 -8.282e-9
0.108 -8.311e-9
0.109 -8.530e-9
0.110 -8.521e-9
0.111 -8.714e-9
0.112 -8.759e-9
0.113 -8.812e-9
0.114 -9.022e-9
0.115 -9.036e-9
0.116 -9.270e-9
0.117 -9.362e-9
0.118 -9.402e-9
0.119 -9.627e-9
0.120 -9.666e-9
0.121 -9.902e-9
0.122 -9.996e-9
0.123 -1.002e-8
0.124 -1.018e-8
0.125 -1.016e-8
0.126 -1.034e-8
0.127 -1.036e-8
0.128 -1.038e-8
0.129 -1.059e-8
0.130 -1.055e-8
0.131 -1.069e-8
0.132 -1.071e-8
0.133 -1.076e-8
0.134 -1.098e-8
0.135 -1.091e-8
0.136 -1.115e-8
0.137 -1.121e-8
0.138 -1.123e-8
0.139 -1.143e-8
0.140 -1.142e-8
0.141 -1.159e-8
0.142 -1.165e-8
0.143 -1.167e-8
0.144 -1.187e-8
0.145 -1.188e-8
0.146 -1.208e-8
0.147 -1.211e-8
0.148 -1.215e-8
0.149 -1.230e-8
0.150 -1.223e-8
0.151 -1.244e-8
0.152 -1.247e-8
0.153 -1.255e-8
0.154 -1.274e-8
0.155 -1.273e-8
0.156 -1.296e-8
0.157 -1.300e-8
0.158 -1.294e-8
0.159 -1.302e-8
0.160 -1.295e-8
0.161 -1.304e-8
0.162 -1.306e-8
0.163 -1.311e-8
0.164 -1.326e-8
0.165 -1.322e-8
0.166 -1.341e-8
0.167 -1.343e-8
0.168 -1.343e-8
0.169 -1.361e-8
0.170 -1.362e-8
0.171 -1.376e-8
0.172 -1.373e-8
0.173 -1.368e-8
0.174 -1.382e-8
0.175 -1.374e-8
0.176 -1.388e-8
0.177 -1.390e-8
0.178 -1.396e-8
0.179 -1.417e-8
0.180 -1.413e-8
0.181 -1.434e-8
0.182 -1.427e-8
0.183 -1.433e-8
0.184 -1.458e-8
0.185 -1.448e-8
0.186 -1.464e-8
0.187 -1.461e-8
0.188 -1.465e-8
0.189 -1.473e-8
0.190 -1.462e-8
0.191 -1.484e-8
0.192 -1.484e-8
0.193 -1.478e-8
0.194 -1.489e-8
0.195 -1.477e-8
0.196 -1.492e-8
0.197 -1.489e-8
0.198 -1.484e-8
0.199 -1.498e-8
0.200 -1.484e-8
0.201 -1.503e-8
0.202 -1.500e-8
0.203 -1.501e-8
0.204 -1.519e-8
0.205 -1.508e-8
0.206 -1.518e-8
0.207 -1.509e-8
0.208 -1.507e-8
0.209 -1.515e-8
0.210 -1.505e-8
0.211 -1.516e-8
0.212 -1.520e-8
0.213 -1.526e-8
0.214 -1.538e-8
0.215 -1.527e-8
0.216 -1.540e-8
0.217 -1.536e-8
0.218 -1.538e-8
0.219 -1.541e-8
0.220 -1.528e-8
0.221 -1.537e-8
0.222 -1.530e-8
0.223 -1.528e-8
0.224 -1.535e-8
0.225 -1.520e-8
0.226 -1.527e-8
0.227 -1.523e-8
0.228 -1.514e-8
0.229 -1.527e-8
0.230 -1.510e-8
0.231 -1.516e-8
0.232 -1.518e-8
0.233 -1.513e-8
0.234 -1.524e-8
0.235 -1.509e-8
0.236 -1.522e-8
0.237 -1.517e-8
0.238 -1.518e-8
0.239 -1.521e-8
0.240 -1.508e-8
0.241 -1.513e-8
0.242 -1.507e-8
0.243 -1.499e-8
0.244 -1.510e-8
0.245 -1.496e-8
0.246 -1.502e-8
0.247 -1.490e-8
0.248 -1.490e-8
0.249 -1.499e-8
0.250 -1.485e-8
0.251 -1.490e-8
0.252 -1.482e-8
0.253 -1.476e-8
0.254 -1.480e-8
0.255 -1.467e-8
0.256 -1.489e-8
0.257 -1.481e-8
0.258 -1.468e-8
0.259 -1.472e-8
0.260 -1.453e-8
0.261 -1.454e-8
0.262 -1.436e-8
0.263 -1.436e-8
0.264 -1.444e-8
0.265 -1.424e-8
0.266 -1.427e-8
0.267 -1.418e-8
0.268 -1.414e-8
0.269 -1.422e-8
0.270 -1.409e-8
0.271 -1.424e-8
0.272 -1.421e-8
0.273 -1.420e-8
0.274 -1.421e-8
0.275 -1.411e-8
0.276 -1.416e-8
0.277 -1.417e-8
0.278 -1.413e-8
0.279 -1.419e-8
0.280 -1.407e-8
0.281 -1.408e-8
0.282 -1.395e-8
0.283 -1.390e-8
0.284 -1.396e-8
0.285 -1.371e-8
0.286 -1.372e-8
0.287 -1.366e-8
0.288 -1.353e-8
0.289 -1.359e-8
0.290 -1.344e-8
0.291 -1.355e-8
0.292 -1.337e-8
0.293 -1.333e-8
0.294 -1.342e-8
0.295 -1.329e-8
0.296 -1.338e-8
0.297 -1.326e-8
0.298 -1.320e-8
0.299 -1.318e-8
0.300 -1.302e-8
0.301 -1.306e-8
0.302 -1.305e-8
0.303 -1.310e-8
0.304 -1.304e-8
0.305 -1.278e-8
0.306 -1.287e-8
0.307 -1.282e-8
0.308 -1.278e-8
0.309 -1.276e-8
0.310 -1.261e-8
0.311 -1.270e-8
0.312 -1.260e-8
0.313 -1.259e-8
0.314 -1.262e-8
0.315 -1.242e-8
0.316 -1.255e-8
0.317 -1.247e-8
0.318 -1.249e-8
0.319 -1.253e-8
0.320 -1.242e-8
0.321 -1.254e-8
0.322 -1.245e-8
0.323 -1.250e-8
0.324 -1.256e-8
0.325 -1.245e-8
0.326 -1.257e-8
0.327 -1.247e-8
0.328 -1.242e-8
0.329 -1.242e-8
0.330 -1.226e-8
0.331 -1.232e-8
0.332 -1.224e-8
0.333 -1.216e-8
0.334 -1.222e-8
0.335 -1.203e-8
0.336 -1.205e-8
0.337 -1.193e-8
0.338 -1.190e-8
0.339 -1.192e-8
0.340 -1.176e-8
0.341 -1.183e-8
0.342 -1.169e-8
0.343 -1.160e-8
0.344 -1.154e-8
0.345 -1.132e-8
0.346 -1.140e-8
0.347 -1.131e-8
0.348 -1.130e-8
0.349 -1.125e-8
0.350 -1.103e-8
0.351 -1.114e-8
0.352 -1.096e-8
0.353 -1.086e-8
0.354 -1.096e-8
0.355 -1.074e-8
0.356 -1.078e-8
0.357 -1.064e-8
0.358 -1.054e-8
0.359 -1.058e-8
0.360 -1.045e-8
0.361 -1.055e-8
0.362 -1.043e-8
0.363 -1.045e-8
0.364 -1.055e-8
0.365 -1.037e-8
0.366 -1.047e-8
0.367 -1.041e-8
0.368 -1.041e-8
0.369 -1.042e-8
0.370 -1.026e-8
0.371 -1.033e-8
0.372 -1.020e-8
0.373 -1.014e-8
0.374 -1.011e-8
0.375 -1.003e-8
0.376 -1.009e-8
0.377 -9.928e-9
0.378 -9.865e-9
0.379 -9.884e-9
0.380 -9.702e-9
0.381 -9.709e-9
0.382 -9.584e-9
0.383 -9.652e-9
0.384 -9.681e-9
0.385 -9.584e-9
0.386 -9.670e-9
0.387 -9.521e-9
0.388 -9.481e-9
0.389 -9.478e-9
0.390 -9.350e-9
0.391 -9.431e-9
0.392 -9.369e-9
0.393 -9.341e-9
0.394 -9.331e-9
0.395 -9.249e-9
0.396 -9.424e-9
0.397 -9.240e-9
0.398 -9.261e-9
0.399 -9.273e-9
0.400 -9.028e-9
0.401 -9.160e-9
0.402 -9.075e-9
0.403 -8.998e-9
0.404 -9.015e-9
0.405 -8.935e-9
0.406 -9.049e-9
0.407 -8.909e-9
0.408 -8.847e-9
0.409 -8.853e-9
0.410 -8.716e-9
0.411 -8.800e-9
0.412 -8.643e-9
0.413 -8.628e-9
0.414 -8.687e-9
0.415 -8.570e-9
0.416 -8.739e-9
0.417 -8.557e-9
0.418 -8.564e-9
0.419 -8.583e-9
0.420 -8.496e-9
0.421 -8.579e-9
0.422 -8.475e-9
0.423 -8.378e-9
0.424 -8.484e-9
0.425 -8.240e-9
0.426 -8.265e-9
0.427 -8.151e-9
0.428 -8.201e-9
0.429 -8.310e-9
0.430 -8.181e-9
0.431 -8.292e-9
0.432 -8.174e-9
0.433 -8.059e-9
0.434 -8.132e-9
0.435 -8.107e-9
0.436 -8.213e-9
0.437 -8.146e-9
0.438 -8.212e-9
0.439 -8.227e-9
0.440 -8.080e-9
0.441 -8.194e-9
0.442 -8.045e-9
0.443 -8.053e-9
0.444 -8.063e-9
0.445 -8.008e-9
0.446 -8.090e-9
0.447 -7.961e-9
0.448 -7.977e-9
0.449 -8.030e-9
0.450 -7.878e-9
0.451 -7.970e-9
0.452 -7.877e-9
0.453 -7.946e-9
0.454 -8.020e-9
0.455 -7.892e-9
0.456 -7.973e-9
0.457 -7.929e-9
0.458 -7.937e-9
0.459 -7.899e-9
0.460 -7.810e-9
0.461 -7.950e-9
0.462 -7.881e-9
0.463 -7.933e-9
0.464 -7.920e-9
0.465 -7.949e-9
0.466 -8.066e-9
0.467 -7.878e-9
0.468 -8.002e-9
0.469 -8.120e-9
0.470 -7.955e-9
0.471 -8.052e-9
0.472 -7.962e-9
0.473 -8.060e-9
0.474 -8.119e-9
0.475 -7.975e-9
0.476 -8.218e-9
0.477 -8.033e-9
0.478 -8.094e-9
0.479 -8.108e-9
0.480 -8.067e-9
0.481 -8.253e-9
0.482 -8.084e-9
0.483 -8.199e-9
0.484 -8.293e-9
0.485 -8.221e-9
0.486 -8.215e-9
0.487 -8.099e-9
0.488 -8.202e-9
0.489 -8.269e-9
0.490 -8.255e-9
0.491 -8.375e-9
0.492 -8.184e-9
0.493 -8.324e-9
0.494 -8.496e-9
0.495 -8.514e-9
0.496 -8.589e-9
0.497 -8.511e-9
0.498 -8.554e-9
0.499 -8.551e-9
0.500 -8.416e-9
